107
374
82
28
403
38
6
170
478
322
93
75
240
245
8
167
2
497
184
87
266
306
311
64
360
349
231
356
23
120
389
107
60
441
146
169
293
285
140
132
389
357
300
467
152
490
200
291
3
371
81
422
63
486
397
422
31
247
395
377
435
46
408
323
439
125
251
297
210
64
41
91
275
81
231
477
301
493
162
107
144
377
73
390
388
485
1
435
394
179
417
140
163
79
376
2
278
220
383
27
400
165
122
414
324
4
17
102
135
170
71
438
409
199
15
115
160
159
433
473
206
109
126
37
486
161
347
266
384
166
279
266
250
342
131
130
418
441
366
379
351
151
498
316
58
157
424
440
63
237
119
2
351
150
136
298
70
32
130
294
398
204
231
207
66
167
89
82
85
169
184
396
132
213
474
411
24
201
333
338
211
477
88
95
324
327
353
215
214
88
154
403
441
146
101
334
493
28
408
51
456
226
36
322
38
221
31
372
481
238
427
457
12
32
88
167
81
160
237
493
202
394
374
161
381
59
471
11
277
468
478
442
123
412
382
33
91
396
181
373
400
437
311
329
42
249
365
200
120
145
184
329
119
269
189
348
147
443
379
416
353
133
16
336
210
147
434
413
437
274
479
34
186
323
148
260
188
264
172
248
344
190
8
133
146
147
260
302
43
365
411
357
370
85
500
207
274
190
411
389
132
2
183
474
41
11
447
415
287
481
170
69
278
230
450
422
215
231
72
493
428
139
491
213
438
449
250
56
178
124
456
245
147
48
419
75
205
387
363
475
310
371
305
55
188
405
352
263
15
86
456
285
213
335
401
368
218
304
390
431
28
183
230
86
257
424
424
436
378
210
63
346
397
149
383
365
19
42
382
230
412
479
57
326
118
156
216
418
215
313
424
158
65
98
174
238
85
283
387
35
104
24
374
396
292
58
197
92
212
386
324
163
27
317
46
454
28
483
496
111
199
219
354
411
66
359
350
356
265
496
54
472
147
171
335
410
481
177
287
78
440
294
204
200
307
283
28
94
226
313
29
478
381
64
9
164
31
132
6
111
235
148
214
294
399
179
155
168
158
244
370
285
421
274
334
335
69
140
167
257
211
301
371
131
413
270
148
289
276
353
425
151
354
339
186
354
168
42
32
143
400
172
256
407
363
147
30
444
51
101
313
159
445
422
292
434
323
273
230
19
243
478
334
279
297
275
325
170
347
213
425
371
200
285
231
220
362
73
180
208
54
128
105
332
466
387
55
360
343
483
481
68
388
72
317
280
78
107
106
363
93
345
170
418
195
284
442
420
435
31
464
28
346
20
253
81
344
263
112
102
262
122
260
73
140
220
210
158
232
45
382
176
333
376
322
186
301
184
76
213
232
50
148
496
127
97
76
49
477
283
40
46
294
375
151
400
83
136
157
79
259
287
402
209
269
346
133
143
157
379
137
253
271
356
248
155
423
127
102
15
353
218
388
490
211
289
418
97
93
195
404
308
346
500
420
201
337
362
463
309
403
115
248
387
149
77
124
347
221
57
458
389
399
422
431
429
243
132
461
350
310
244
494
231
300
467
452
143
357
352
57
179
36
72
144
340
12
109
384
329
201
269
150
499
374
104
291
448
210
171
275
340
252
26
394
229
93
409
448
232
297
369
72
457
24
134
360
31
133
271
364
150
340
341
389
111
181
98
422
19
177
366
295
439
53
170
294
183
15
199
318
419
108
73
341
141
79
343
207
201
15
406
233
22
467
362
50
169
245
251
366
68
7
228
185
121
291
127
159
171
196
458
463
255
164
142
153
205
295
306
96
162
186
43
4
444
412
477
345
84
115
221
209
242
259
473
393
270
404
245
383
227
387
428
126
9
7
80
331
290
427
26
476
283
317
218
301
452
129
478
176
232
35
244
76
435
144
44
278
101
221
71
244
60
304
185
448
36
143
432
253
82
93
484
273
429
144
44
407
202
2
453
495
121
231
422
57
343
61
470
466
242
436
216
204
395
52
299
383
262
125
36
16
331
262
81
280
290
240
129
155
458
160
475
144
4
249
100
149
116
240
331
244
253
321
108
500
354
319
69
365
478
146
390
410
258
326
233
52
326
447
62
321
328
227
130
436
433
397
134
175
12
401
300
325
379
422
173
335
364
100
474
464
224
198
85
185
299
39
407
298
124
57
129
115
341
131
23
23
406
330
8
443
225
427
14
160
494
401
32
243
367
350
324
175
369
349
500
314
165
354
43
165
343
3
135
205
128
260
102
348
231
417
391
134
439
301
88
102
383
457
15
27
165
152
487
372
88
392
176
142
209
132
84
393
316
280
463
38
339
32
194
400
479
367
499
4
87
123
402
254
112
405
210
13
159
282
500
340
256
1
179
68
315
198
66
258
352
198
138
391
496
261
295
346
493
88
251
133
434
424
405
440
40
227
231
24
440
255
108
224
53
295
303
136
314
41
235
261
494
256
296
426
168
367
57
6
494
82
155
14
432
154
215
185
215
9
377
26
41
496
178
483
338
372
118
25
443
88
104
212
155
440
328
48
234
276
249
344
319
140
177
185
472
61
100
40
227
360
40
473
253
262
94
100
285
355
424
292
470
403
19
494
209
266
51
339
393
162
219
444
471
308
58
53
180
233
141
159
321
300
4
44
206
272
304
87
320
380
230
257
462
490
149
13
147
24
466
287
70
132
12
303
208
91
379
319
114
303
378
133
59
381
98
226
127
72
460
217
90
350
101
52
240
431
272
87
419
300
15
290
100
479
349
446
456
88
26
178
480
268
358
137
390
480
237
371
407
132
418
210
321
273
356
45
358
462
426
478
277
312
314
488
337
110
201
423
102
141
117
298
473
486
371
201
357
111
438
345
127
211
395
429
157
417
236
130
452
420
34
414
159
381
296
28
112
329
188
410
406
102
206
413
64
103
116
159
399
298
48
188
307
108
197
178
451
462
121
17
209
137
197
51
350
99
163
227
500
20
249
241
18
56
225
456
357
445
389
15
192
384
187
151
194
252
14
229
413
114
188
242
223
210
334
392
116
454
387
102
153
82
201
272
402
294
411
305
119
214
459
303
234
74
305
445
106
201
440
243
407
144
275
386
77
492
419
149
29
253
445
98
244
245
420
44
397
400
406
35
119
119
315
40
193
51
189
413
131
45
351
471
270
490
397
367
265
475
214
344
443
493
40
447
334
77
4
405
194
365
322
476
76
334
496
339
363
379
71
296
377
429
300
323
225
341
466
67
222
3
55
179
472
431
365
10
128
138
352
226
172
491
277
467
165
129
344
8
432
203
343
496
153
263
184
326
268
450
222
333
66
486
308
131
355
378
224
145
483
47
83
213
87
345
130
120
292
422
90
239
346
130
234
26
351
165
305
424
48
230
215
163
66
40
175
421
21
478
477
138
390
419
117
295
328
495
146
310
243
297
232
392
399
96
326
443
300
368
475
96
406
431
71
430
412
479
257
101
483
470
414
390
407
313
375
190
389
174
281
406
103
60
64
378
188
307
68
451
313
200
211
4
22
75
308
397
15
241
13
485
420
193
146
379
486
419
37
172
382
265
395
194
287
362
405
106
136
177
145
313
241
356
77
247
381
226
333
45
193
483
45
42
278
78
306
175
170
423
357
49
381
50
373
456
114
275
410
443
384
435
212
430
143
324
54
333
214
286
226
290
98
199
410
491
397
401
179
107
428
435
200
145
148
150
410
151
20
438
410
367
182
54
487
193
103
326
221
274
258
443
105
379
112
500
133
127
242
255
248
447
499
113
443
451
454
82
452
377
90
244
295
355
138
380
440
272
324
141
371
116
470
399
414
215
190
437
344
395
174
190
260
209
296
65
141
391
204
233
146
434
195
231
459
55
407
312
458
257
299
260
9
70
301
101
465
463
113
399
323
63
100
443
149
332
285
292
132
123
425
255
317
154
18
182
297
46
30
244
23
173
431
88
467
9
429
194
25
223
277
479
232
335
271
126
442
307
323
14
10
330
500
64
408
440
426
40
81
10
312
412
489
246
239
227
42
133
2
148
304
122
87
415
253
184
157
28
237
69
481
422
465
456
89
389
65
305
493
496
275
281
239
445
197
66
218
23
135
379
222
90
437
164
392
314
273
290
343
267
500
13
275
67
329
216
195
45
64
301
482
222
22
191
78
194
125
296
336
183
280
124
112
113
153
14
115
96
199
382
425
483
319
448
27
318
104
305
158
386
311
305
120
303
411
94
356
404
209
217
216
121
219
153
248
8
404
86
154
297
269
485
156
165
238
386
190
255
450
129
224
365
302
295
429
468
80
283
270
391
283
337
335
351
454
71
126
133
472
50
265
392
266
489
397
166
108
169
54
195
70
186
430
195
11
336
3
374
174
420
76
35
101
127
126
424
95
394
339
341
324
324
330
121
227
21
365
174
185
280
9
22
60
212
256
125
181
384
358
395
365
469
51
368
26
497
220
11
276
246
298
482
450
329
246
32
202
456
187
431
191
364
310
399
466
151
59
10
77
236
248
325
362
167
442
412
381
95
193
362
40
97
161
336
9
318
362
96
285
489
177
331
225
1
453
306
493
454
28
465
463
397
373
396
273
411
63
205
84
490
38
432
315
181
497
117
103
68
293
301
248
271
366
315
311
323
333
489
288
56
219
191
82
143
193
228
210
346
411
329
62
231
202
70
69
415
70
145
131
471
495
51
149
202
397
480
410
79
487
355
184
147
50
357
463
157
419
499
392
62
207
414
33
220
46
493
429
471
80
418
301
436
326
434
195
419
404
498
232
34
336
11
252
251
208
422
72
266
47
40
206
273
19
166
40
286
338
427
249
202
6
279
458
182
86
202
457
396
304
76
448
230
37
493
220
226
480
321
143
97
254
354
267
118
311
485
61
351
463
50
354
419
342
465
202
137
73
280
348
14
128
93
7
79
388
172
456
12
276
191
288
408
7
34
412
330
444
30
429
279
18
406
473
376
125
357
136
488
434
493
76
471
204
69
444
258
304
43
444
15
20
78
192
128
489
326
173
386
252
3
285
476
209
42
214
476
273
153
18
41
277
234
414
278
307
100
149
203
153
182
454
328
231
333
316
451
266
446
400
312
276
359
50
9
56
136
154
237
481
109
365
316
238
423
122
215
309
415
145
376
107
457
453
48
337
394
280
187
62
425
45
1
287
154
454
87
470
133
434
274
353
462
230
483
392
333
474
320
161
384
477
352
233
402
385
100
253
374
113
325
384
200
440
148
45
494
32
340
422
21
164
3
70
31
85
22
344
498
207
20
79
326
327
437
394
297
198
494
224
324
11
424
372
114
374
421
175
222
82
473
142
342
434
17
171
257
49
170
165
189
362
181
181
488
343
449
3
391
351
468
18
168
160
440
85
166
96
500
69
10
263
384
154
409
391
53
463
169
382
276
278
330
52
357
426
365
164
181
494
291
251
310
364
255
219
460
373
371
343
134
41
438
339
152
316
236
73
39
489
249
190
427
159
28
391
153
238
456
58
60
68
16
259
26
193
205
453
187
462
81
207
179
476
54
105
264
139
433
484
7
176
68
493
22
413
274
429
326
386
195
340
185
234
317
237
96
197
136
24
129
114
464
74
62
472
483
498
369
467
163
9
359
486
149
449
250
185
284
139
141
174
425
192
338
189
327
63
406
176
448
77
231
332
221
489
94
359
474
243
466
297
257
464
89
279
347
327
210
113
122
445
147
23
259
250
433
392
248
187
218
174
453
108
97
138
170
199
54
132
224
353
31
341
60
80
34
356
188
491
168
469
433
266
498
374
130
418
487
224
437
50
302
50
182
126
405
441
215
108
123
37
345
209
186
446
97
139
384
488
465
429
6
455
208
388
425
15
171
306
271
139
379
9
178
477
93
318
77
136
483
277
170
134
473
156
353
413
16
73
3
248
416
462
225
34
49
174
167
326
159
410
401
183
357
39
104
319
65
207
79
173
85
394
258
497
77
367
166
193
62
46
385
247
182
14
21
154
235
411
114
322
185
185
52
410
247
132
349
200
77
235
430
387
47
455
116
29
110
200
9
59
271
79
71
92
232
74
301
101
123
147
23
92
267
251
451
481
401
264
171
357
212
372
28
96
340
246
264
412
406
170
86
245
435
379
432
109
382
74
492
1
404
43
337
435
84
260
419
394
420
453
342
289
262
95
285
158
129
492
423
235
25
44
72
402
373
209
8
80
56
347
264
193
110
326
129
147
114
298
187
284
283
360
311
193
498
324
446
356
277
482
335
192
429
261
297
308
408
277
206
261
466
487
470
332
55
22
130
405
135
191
325
183
284
409
319
329
440
3
389
206
206
449
327
126
145
148
203
61
68
379
26
348
11
359
400
496
313
137
182
135
407
109
303
473
496
363
497
365
202
333
125
415
219
223
236
200
318
15
316
223
488
373
305
129
372
287
70
43
44
346
475
423
163
2
282
213
8
292
481
131
449
233
211
212
363
365
233
99
125
416
39
20
349
435
197
332
114
110
76
78
31
433
409
212
447
235
480
119
105
479
172
230
8
293
79
50
17
207
9
130
190
344
398
432
200
286
33
42
131
382
232
285
3
267
496
47
419
97
402
108
141
488
324
390
483
96
60
55
451
8
348
460
350
456
52
392
48
475
459
476
228
445
486
466
242
189
230
247
123
238
10
121
220
287
185
139
477
24
432
46
3
119
182
413
437
150
403
100
248
422
276
369
392
429
261
392
121
338
189
322
427
300
165
181
442
26
228
249
477
367
183
485
169
305
496
23
90
356
322
184
14
492
18
186
417
117
386
184
84
97
453
141
127
127
121
476
306
405
306
78
446
146
87
442
307
28
160
163
228
479
312
487
9
146
364
390
322
22
239
52
103
276
317
64
296
496
396
486
46
38
130
82
490
259
128
346
499
90
171
478
428
462
61
157
328
52
31
85
416
384
3
84
286
295
1
112
53
19
140
476
365
202
437
441
80
416
263
206
118
352
481
209
270
177
109
92
266
258
272
249
174
391
117
326
289
206
274
125
236
476
157
35
173
317
74
75
437
257
12
132
98
72
292
92
474
347
92
123
343
228
80
487
167
83
95
408
93
322
395
457
354
396
158
246
343
36
384
457
299
52
46
61
419
279
413
8
221
86
118
360
215
429
225
279
13
467
283
394
299
487
32
152
302
321
204
152
320
438
473
399
371
62
309
23
434
489
479
283
312
123
395
417
94
415
10
237
18
353
176
306
122
282
43
358
20
340
61
195
421
454
389
354
328
450
370
417
81
97
13
403
29
191
441
362
72
145
110
232
169
31
10
101
403
410
326
109
153
345
71
134
292
497
471
418
223
424
156
55
374
485
498
320
437
313
418
496
139
75
225
272
196
165
408
307
500
2
326
164
170
273
493
44
233
231
33
477
189
430
477
28
176
126
109
249
166
332
41
177
308
45
227
53
394
318
213
465
177
438
123
367
37
296
378
291
79
66
314
166
219
473
259
476
483
459
368
127
474
133
444
473
176
81
373
14
110
400
163
322
417
236
233
247
47
172
295
352
293
362
188
349
420
391
418
121
202
94
232
97
186
307
419
19
488
222
497
114
60
244
266
37
401
40
137
292
267
31
315
165
355
172
468
352
219
443
378
310
456
172
428
203
284
467
438
234
389
485
24
158
332
28
38
104
352
324
94
15
331
378
98
355
121
442
369
361
91
195
317
373
282
17
387
193
263
3
307
458
183
411
219
29
216
387
96
176
203
168
377
21
403
486
282
478
439
248
172
372
352
480
9
206
204
62
71
282
471
128
187
211
192
421
149
324
119
141
312
148
484
379
396
412
218
23
27
19
256
311
345
90
477
86
410
387
75
441
50
41
368
186
407
85
90
365
51
492
127
396
361
259
149
144
21
455
257
290
6
35
352
43
136
452
161
288
420
47
295
500
261
434
375
469
155
11
369
139
315
219
324
44
212
5
133
308
122
24
274
46
486
344
71
74
418
286
238
230
241
221
170
331
455
168
143
433
313
213
36
296
437
105
85
172
205
264
218
123
72
209
76
145
227
288
291
17
466
28
398
487
43
411
257
22
324
497
269
117
366
305
38
125
176
126
374
216
124
380
281
52
340
63
463
9
289
327
376
310
123
335
34
319
311
327
124
98
415
273
487
128
313
477
84
84
225
435
2
201
38
452
476
34
60
65
211
184
106
87
344
214
294
345
41
379
55
29
127
210
104
33
130
275
427
96
496
488
263
92
370
327
145
135
14
395
40
241
80
119
423
353
303
365
312
471
217
186
318
456
430
290
259
71
344
415
457
249
157
213
171
66
119
211
102
126
319
68
404
426
112
392
471
34
465
121
72
61
86
424
456
469
185
69
495
167
36
133
187
359
68
395
183
396
280
403
72
381
483
295
438
375
164
41
332
500
77
475
485
426
373
266
268
286
1
65
500
129
116
187
101
472
343
342
376
396
173
212
85
70
224
444
86
364
83
485
97
193
268
413
24
31
316
22
322
370
107
139
395
247
371
280
399
432
20
343
23
353
254
363
82
386
38
383
68
378
275
229
253
425
292
345
233
27
45
339
106
323
161
348
174
398
2
126
91
159
284
159
305
358
420
240
355
450
455
258
429
208
380
469
134
423
5
55
280
307
86
181
75
476
394
135
176
34
32
189
120
118
413
251
103
72
385
139
347
408
449
107
82
164
293
279
89
387
79
72
120
441
109
61
85
147
376
373
273
226
449
268
482
323
320
417
194
279
199
95
465
84
194
423
224
452
93
454
238
148
324
4
458
428
404
170
305
336
141
480
286
334
11
192
360
468
190
293
197
333
64
110
157
147
304
470
368
388
486
60
126
128
170
37
485
219
337
469
410
424
191
182
438
253
111
312
479
458
275
223
150
178
288
371
320
470
27
19
99
13
144
55
353
115
355
398
396
302
61
431
337
7
462
232
448
494
111
181
251
444
475
302
316
271
310
126
100
161
480
371
283
440
94
239
476
69
38
222
368
263
1
239
33
481
433
200
425
397
117
163
243
466
391
340
478
31
112
260
38
97
256
7
224
387
76
431
183
238
80
387
364
127
327
19
371
166
443
438
362
253
321
353
80
161
115
9
144
332
490
225
459
79
11
476
26
485
13
66
144
471
262
330
488
335
46
135
86
270
363
292
88
411
306
30
153
144
297
230
95
391
330
499
451
284
372
279
18
499
136
436
121
396
444
359
19
146
227
222
335
409
390
225
238
215
272
9
239
265
296
25
296
171
374
456
238
175
310
324
487
35
56
26
372
426
480
231
353
305
462
29
148
434
315
129
156
418
148
312
224
448
27
394
217
283
20
312
462
65
119
254
340
338
190
288
255
226
219
470
312
409
239
436
456
456
209
261
458
461
151
44
58
270
29
299
333
473
387
384
25
457
364
35
334
344
327
453
44
60
410
256
340
386
40
167
359
50
371
210
295
312
265
496
328
84
189
328
126
259
66
254
227
296
118
321
60
16
463
408
407
80
484
222
178
187
96
27
120
105
382
416
332
205
27
182
188
200
19
380
369
474
480
313
384
78
484
107
369
55
170
280
234
279
380
427
481
144
14
131
84
41
249
500
141
269
457
215
214
114
279
436
355
442
426
393
331
219
274
77
185
271
362
103
360
213
358
361
133
231
370
244
433
39
253
133
321
425
247
210
216
460
41
60
469
371
302
127
237
99
177
208
130
258
169
301
415
165
266
196
419
388
92
42
142
298
348
217
24
243
246
409
271
307
356
189
401
29
320
83
97
239
480
293
193
102
69
56
213
105
498
17
75
223
290
262
3
107
143
347
7
47
343
220
475
264
30
174
284
384
376
6
183
465
406
49
9
10
159
228
230
33
72
24
252
457
268
226
129
77
94
356
279
435
481
108
76
58
211
499
182
15
158
357
198
95
348
18
205
161
348
64
208
126
165
373
362
353
5
168
326
223
433
167
27
5
147
210
240
146
400
434
309
195
115
119
413
49
455
422
239
439
345
355
133
479
163
265
122
35
196
394
216
413
58
308
255
99
219
500
16
265
252
184
137
75
266
302
414
230
290
409
428
317
357
148
108
159
118
216
446
321
100
94
387
29
391
32
233
465
162
461
445
448
397
317
98
152
36
171
290
377
180
72
429
287
425
463
59
56
107
344
359
400
282
454
265
425
11
119
63
24
339
186
416
413
477
279
439
382
446
421
181
435
284
269
121
275
354
181
143
439
28
94
456
457
239
437
52
159
82
431
90
496
44
279
415
483
61
174
408
437
425
449
208
239
201
414
471
406
105
42
281
355
15
422
387
326
322
317
315
355
357
171
345
18
331
368
332
497
22
101
416
217
383
147
326
456
177
385
402
215
102
247
43
42
444
93
55
132
376
104
360
174
395
302
159
126
117
276
152
398
145
93
262
131
102
415
163
483
319
180
492
302
453
334
278
300
366
147
59
353
363
11
344
263
139
468
143
120
295
177
302
232
386
134
259
317
170
400
142
337
158
138
452
364
199
368
227
222
441
309
80
489
56
252
385
58
54
40
419
225
363
71
342
225
203
203
367
337
116
30
371
195
347
443
299
7
260
29
271
78
127
27
177
283
443
100
250
322
31
489
17
90
491
498
11
394
494
334
315
205
59
296
167
341
399
199
322
210
329
231
166
326
427
279
491
67
255
237
215
173
409
152
418
259
345
10
303
99
177
3
485
109
481
115
236
378
367
369
363
384
264
229
397
479
480
498
149
153
60
451
405
355
475
146
437
404
10
326
465
336
450
212
278
367
183
161
312
414
247
141
458
276
351
386
483
326
64
273
29
219
375
76
147
149
116
234
285
101
147
160
484
118
69
498
223
373
499
312
346
158
386
141
238
191
233
310
260
355
41
64
115
312
99
88
205
163
243
360
87
258
486
332
448
272
146
141
104
449
258
369
69
125
430
474
165
159
297
148
190
225
413
388
497
463
121
98
271
303
446
458
407
460
305
86
303
350
439
35
264
293
33
72
265
308
500
224
173
481
264
479
356
126
152
281
220
350
425
47
33
325
270
24
491
296
356
313
300
368
270
398
121
381
298
141
209
457
142
485
187
494
14
16
352
395
310
365
165
38
5
113
69
336
261
164
494
471
219
321
271
430
409
287
404
91
488
110
187
280
150
17
495
126
50
289
458
103
372
114
71
270
301
483
132
108
273
263
303
109
66
60
93
465
117
366
174
463
311
353
440
238
26
53
481
290
70
379
34
155
225
464
222
148
188
312
273
349
258
85
343
331
389
43
433
93
87
344
209
334
397
461
36
173
468
211
397
327
79
37
283
185
293
57
294
123
216
267
430
104
102
239
497
83
71
108
428
218
463
178
498
42
13
82
103
382
296
219
233
374
116
322
137
209
344
463
150
197
391
97
175
19
317
406
391
37
67
171
309
62
480
127
281
81
384
495
234
146
475
15
388
389
27
274
16
1
261
212
444
119
465
487
240
384
195
236
121
232
171
482
154
402
176
364
58
388
98
288
236
304
174
301
262
400
479
36
476
332
213
425
328
417
1
245
437
157
44
481
457
70
95
263
304
167
184
266
191
491
106
47
122
433
172
405
11
281
271
209
381
429
461
296
180
415
264
291
440
465
325
217
346
384
301
415
176
193
472
96
288
212
85
368
58
236
11
387
135
93
269
243
79
296
331
42
237
271
175
127
229
251
145
266
345
114
441
335
310
13
33
105
442
343
343
217
135
382
328
339
75
473
373
282
468
258
104
123
392
381
350
231
278
168
268
355
134
316
41
156
279
170
228
179
207
454
381
315
348
316
225
359
110
230
359
83
43
344
402
261
378
354
479
472
85
168
451
476
78
361
181
475
95
422
413
452
459
304
189
455
79
163
208
140
467
156
463
51
159
288
226
237
495
238
34
74
392
304
255
302
404
2
339
63
104
48
68
306
344
292
19
28
356
489
5
128
153
91
377
395
135
305
364
139
148
444
266
395
491
333
390
415
412
64
130
195
254
58
126
422
200
310
7
305
320
351
255
76
453
122
184
325
374
366
406
476
46
178
158
32
314
385
29
82
297
454
103
1
316
270
155
469
212
156
115
311
261
46
482
11
411
344
268
436
223
108
462
83
484
320
494
24
204
41
168
51
12
443
348
202
97
77
195
430
58
433
101
474
205
214
353
318
53
438
253
369
17
495
300
19
452
216
109
311
150
216
77
464
5
200
164
228
168
99
268
59
363
382
362
190
203
208
105
188
299
386
377
37
474
296
307
225
162
58
40
492
437
341
411
16
349
421
70
268
225
101
16
497
258
210
455
4
74
202
105
482
470
374
264
280
278
388
411
197
464
380
479
120
485
157
80
59
181
152
419
435
26
37
230
440
94
490
109
22
414
326
159
99
37
424
385
343
432
483
323
243
26
368
427
43
66
372
333
236
321
71
382
450
91
1
484
69
218
333
231
447
72
151
383
52
158
453
407
337
323
168
150
444
308
191
101
379
134
382
478
248
117
421
10
374
215
374
375
237
224
87
362
69
435
358
108
108
215
231
200
418
202
478
350
451
410
20
418
65
236
450
393
194
27
229
420
481
285
407
83
329
274
22
59
297
81
230
163
406
395
386
312
80
391
348
193
58
298
20
335
266
310
88
404
376
306
238
349
498
277
428
145
264
392
389
244
150
275
71
120
360
192
267
341
301
195
147
443
358
452
338
359
208
119
93
445
298
381
247
246
176
247
454
195
483
324
78
199
292
7
322
360
283
161
433
487
400
197
442
226
497
413
329
265
478
17
6
182
332
135
213
38
262
472
455
258
273
414
321
144
327
92
369
261
414
429
116
36
290
458
335
465
155
481
12
103
341
492
112
458
344
417
272
395
179
139
362
392
358
83
302
223
432
62
409
121
171
147
291
194
331
110
464
125
197
347
76
285
26
402
324
479
323
157
443
231
368
317
299
42
359
83
122
275
63
97
9
337
2
431
369
294
410
224
451
301
426
150
160
60
406
357
375
301
3
96
161
500
90
425
399
299
380
267
423
349
201
52
355
399
92
2
54
118
315
332
41
197
311
455
9
65
277
278
242
269
83
88
101
108
489
375
332
125
487
179
19
190
228
163
36
42
14
460
146
379
257
140
36
423
317
182
334
382
70
486
294
383
77
377
318
191
355
254
367
202
47
295
266
173
54
335
245
254
129
254
165
483
146
155
438
139
418
488
224
334
78
144
480
75
178
319
401
200
312
203
377
181
469
242
435
310
187
64
164
234
412
257
394
370
476
418
403
392
216
168
77
444
494
383
71
278
292
109
344
53
497
276
381
130
461
446
19
25
452
475
130
324
426
49
148
320
201
132
454
217
466
35
324
238
200
408
223
497
55
327
76
163
441
10
403
123
45
240
399
285
471
288
222
105
287
44
400
357
476
496
202
261
157
147
101
41
155
311
310
376
333
76
418
177
210
227
204
165
442
224
37
272
298
438
48
249
120
232
367
114
375
208
154
293
356
294
290
112
399
300
10
307
62
284
375
236
20
146
416
304
322
252
13
409
461
286
317
491
195
344
469
44
3
420
455
367
9
331
357
497
182
232
95
357
462
250
117
343
141
302
423
361
446
144
164
172
199
333
460
274
66
189
258
53
371
290
46
433
332
312
201
88
193
299
254
279
498
210
368
10
231
103
388
451
420
318
338
96
440
311
177
135
478
84
375
475
430
317
97
499
260
13
47
58
401
342
113
494
271
454
146
338
461
47
286
236
136
70
180
290
52
494
387
444
235
314
159
235
88
410
182
109
435
383
345
331
434
254
490
110
449
88
273
424
352
37
275
426
317
431
136
31
232
243
34
362
418
415
246
366
402
253
263
477
393
10
94
246
186
101
443
126
82
283
22
492
200
414
493
324
333
376
111
499
160
399
196
27
265
473
112
194
455
374
78
13
427
5
445
212
281
279
16
275
54
378
38
218
174
269
461
323
261
83
325
186
169
143
62
61
25
156
349
344
419
182
360
95
469
275
118
118
459
130
330
294
234
460
127
487
393
286
110
37
460
489
54
268
125
288
449
201
276
493
267
37
218
222
24
199
111
469
253
443
214
353
453
101
68
95
13
137
289
360
63
435
24
405
496
422
341
173
232
343
172
421
106
3
99
357
122
252
300
56
69
92
10
406
125
65
236
475
449
26
63
233
448
335
165
348
478
304
288
406
489
274
74
253
335
271
290
366
144
114
291
57
293
101
187
144
107
27
491
400
157
62
165
237
283
302
291
331
9
466
211
114
141
69
245
77
227
449
173
370
329
401
30
184
28
405
11
394
241
435
348
308
82
212
421
220
25
399
375
41
288
421
23
262
431
173
363
438
66
10
468
194
101
335
320
142
451
426
313
464
356
403
117
301
388
494
393
269
53
102
76
2
400
8
233
2
353
72
162
225
434
435
292
494
386
320
289
185
333
50
448
174
392
492
194
302
287
233
312
306
149
273
132
225
127
152
409
394
71
217
298
115
382
469
292
461
336
491
461
300
34
64
171
140
359
160
351
146
420
392
165
439
213
30
172
390
172
393
361
331
342
65
22
170
70
271
34
364
250
213
430
198
182
132
49
494
214
477
155
336
365
392
390
472
18
348
31
141
170
93
99
48
110
76
393
253
250
134
275
255
175
368
215
210
141
274
309
187
77
330
111
217
221
271
110
262
329
63
417
215
271
266
183
307
360
456
462
481
171
178
470
130
414
80
5
330
154
282
362
405
336
253
406
252
145
107
296
242
439
419
79
370
129
36
176
463
273
443
77
73
67
112
274
241
391
55
420
390
223
314
404
473
495
101
137
164
239
492
189
379
338
471
119
430
495
203
233
252
337
178
246
215
109
471
347
377
204
342
388
394
98
362
51
182
259
75
255
425
276
370
170
228
219
472
352
231
498
210
74
384
490
478
184
13
438
85
316
349
377
281
260
419
302
117
420
268
116
150
10
231
137
5
137
311
85
355
195
97
242
135
50
110
150
69
412
168
23
265
382
194
292
388
46
340
304
67
447
219
346
304
500
376
90
275
404
15
4
356
466
456
350
125
405
122
295
162
455
227
296
485
348
167
270
387
357
24
460
336
183
174
4
93
100
135
455
487
422
182
48
125
15
131
380
229
328
431
320
196
245
151
76
197
30
355
392
228
376
398
18
322
190
408
394
493
253
233
67
313
127
366
308
399
110
376
230
158
109
361
137
200
360
400
367
99
499
495
78
235
339
193
394
64
217
126
235
496
181
324
171
384
76
133
46
127
361
424
247
155
112
402
164
181
164
150
442
279
240
61
429
421
425
92
343
401
259
311
313
211
285
165
495
219
187
346
353
75
292
378
102
314
385
132
391
112
411
189
400
10
413
478
112
91
167
395
469
219
391
337
164
128
271
157
497
44
421
272
488
408
273
401
425
51
405
421
264
498
46
331
125
78
214
13
467
72
64
399
305
36
266
64
135
267
241
137
10
240
393
152
339
382
329
379
476
451
230
350
322
7
326
485
350
440
201
59
24
427
443
46
143
106
412
331
24
134
92
477
390
133
233
197
154
158
322
470
409
179
97
321
62
159
488
92
288
316
153
242
42
475
169
74
418
329
101
430
128
268
499
239
484
317
267
470
335
114
376
19
17
168
40
17
162
436
186
211
301
358
147
39
425
128
402
83
85
81
473
225
390
9
1
475
278
227
370
239
16
216
363
224
34
376
143
387
334
351
322
210
85
76
275
52
449
492
496
473
494
137
290
297
199
58
497
311
115
494
422
269
134
409
150
495
153
291
79
461
252
34
30
449
395
397
304
190
488
322
262
38
353
180
434
64
311
27
357
157
432
332
286
104
34
476
1
89
484
367
290
354
324
37
330
275
84
337
298
220
358
403
25
244
151
246
260
59
82
382
201
148
481
64
144
399
463
290
344
256
370
42
56
394
302
382
240
497
267
74
13
303
192
96
407
69
107
133
354
30
174
253
309
349
362
9
416
114
125
201
350
109
210
390
380
293
191
72
284
111
356
395
435
96
229
140
271
368
314
102
120
252
216
484
177
46
111
23
326
118
400
115
459
404
230
169
199
186
76
474
59
167
412
51
106
79
405
262
131
30
242
392
454
408
48
74
147
66
196
6
500
321
385
467
445
477
173
106
36
234
43
112
148
343
54
242
92
247
442
52
130
84
172
154
372
426
278
136
402
184
49
378
113
334
58
91
165
379
375
480
103
250
238
269
189
67
227
152
330
16
137
446
32
446
125
40
204
361
470
291
165
298
447
380
336
99
309
68
24
362
489
185
421
367
168
207
317
287
156
458
22
36
39
448
498
18
83
488
360
339
447
321
390
346
453
64
370
385
462
352
105
121
492
455
228
383
338
206
197
385
43
238
113
442
91
494
292
114
219
272
488
423
136
196
295
475
20
227
44
122
153
60
427
327
238
394
147
243
185
378
71
125
96
435
318
255
386
291
97
148
139
352
51
69
147
121
274
78
98
22
421
40
416
253
84
83
311
498
210
100
163
6
491
295
45
27
401
423
68
247
80
23
208
428
341
396
452
431
198
363
90
185
16
375
404
371
455
73
277
209
184
290
183
8
84
122
129
403
466
24
209
238
205
333
263
329
187
379
89
149
402
239
447
353
408
151
345
206
470
207
379
301
4
60
79
382
216
159
72
10
160
328
86
272
480
260
106
269
488
5
15
157
135
104
385
391
172
91
166
472
376
395
56
500
374
280
274
272
284
82
253
465
81
449
209
246
183
36
400
495
378
428
143
57
297
226
217
412
167
170
328
420
126
71
262
490
436
127
234
272
251
119
326
474
307
489
417
132
373
434
386
200
344
152
356
33
353
223
459
214
220
37
272
177
386
355
400
143
265
426
99
158
423
483
326
360
165
246
81
209
440
20
23
288
215
362
47
99
425
209
25
369
64
205
409
235
459
422
329
217
25
250
150
343
113
38
409
314
122
350
436
285
139
314
243
241
439
294
174
325
367
7
58
146
274
292
36
492
2
275
424
461
223
128
143
424
131
99
133
408
459
60
380
168
79
29
239
150
263
19
204
156
70
428
162
136
438
464
216
17
377
322
33
263
399
53
254
197
88
83
110
410
312
499
99
81
162
382
441
255
293
89
333
252
495
17
292
224
301
424
230
442
289
353
110
186
57
138
236
380
449
186
91
29
233
146
142
428
94
275
329
98
498
214
477
445
70
394
363
350
183
282
78
28
422
457
174
404
112
239
210
58
289
382
198
346
392
107
82
468
497
323
448
392
133
87
44
461
271
128
424
368
458
305
305
485
352
165
145
206
155
410
490
389
267
53
150
101
365
229
322
174
282
87
64
226
100
79
147
10
467
123
362
370
321
384
429
152
451
461
485
16
354
297
348
6
13
41
248
485
61
275
170
254
441
1
465
327
494
378
227
366
477
80
361
359
270
251
60
442
330
103
31
320
141
103
357
184
195
233
30
3
12
395
261
359
39
251
405
165
403
92
351
113
292
453
246
118
92
304
436
180
203
295
499
124
3
284
418
297
70
49
316
404
464
94
409
143
285
316
115
50
445
408
398
345
207
394
397
47
23
262
94
285
335
141
478
352
133
279
168
433
387
445
460
300
331
4
176
78
311
465
74
352
103
463
262
195
100
197
245
135
35
168
95
42
481
482
304
96
435
7
44
96
352
54
372
245
409
214
18
113
2
440
109
161
256
207
430
477
484
279
451
173
91
81
247
466
399
69
181
179
485
82
198
125
15
326
374
120
272
136
92
213
338
375
126
73
269
209
32
55
439
159
373
4
97
240
70
495
84
163
397
173
353
417
86
333
38
312
287
490
498
360
153
425
169
149
177
321
48
73
113
157
392
171
483
231
103
154
500
354
326
292
125
382
478
255
402
115
482
378
251
127
422
377
231
38
138
37
320
193
253
394
429
481
94
152
297
53
335
260
363
439
48
43
123
29
155
462
146
195
108
98
106
482
450
466
203
346
119
462
95
376
300
193
243
474
147
462
127
264
345
443
494
290
335
461
90
345
266
212
316
272
330
308
386
40
36
375
149
127
367
315
111
451
343
23
178
232
405
72
110
103
219
102
410
373
498
389
66
309
325
187
24
342
344
124
209
88
188
389
342
229
420
265
298
342
256
160
192
428
10
490
276
317
24
439
341
122
444
455
474
1
324
282
65
71
195
60
473
35
232
172
142
249
200
245
227
14
146
40
187
194
383
371
41
130
120
400
421
427
133
70
260
346
435
477
416
51
345
377
41
128
244
218
450
269
498
259
497
401
121
153
241
435
343
14
80
120
68
457
178
20
162
64
450
395
155
34
35
224
133
318
335
317
137
199
319
365
323
161
485
379
130
101
278
126
309
25
219
496
247
361
90
218
152
155
21
327
165
152
323
448
117
312
392
326
425
226
443
274
252
121
84
377
85
298
438
440
265
53
274
226
176
108
309
211
206
138
306
403
327
194
343
45
38
36
30
94
461
167
70
441
333
424
387
460
222
31
497
247
129
457
495
270
166
207
243
98
489
185
41
273
353
422
193
152
295
39
230
130
128
124
416
264
38
297
43
180
216
256
450
170
214
388
394
193
280
37
435
85
296
373
22
120
387
251
48
34
154
410
8
234
260
255
15
169
250
193
28
409
251
30
374
287
138
256
494
158
358
179
123
364
110
174
379
295
305
288
180
449
41
109
61
483
300
156
34
81
159
304
136
297
1
398
459
342
234
85
278
466
368
174
349
337
201
341
10
217
200
130
362
465
310
193
387
462
32
273
6
471
432
156
497
407
175
67
50
221
163
384
123
54
286
186
401
123
233
258
444
499
350
320
260
493
463
36
63
475
76
391
448
246
207
209
384
480
142
448
338
238
45
15
457
25
153
351
253
323
391
312
463
31
239
254
133
11
338
11
260
490
44
162
457
85
294
320
402
112
234
185
355
193
334
132
191
281
304
95
146
8
200
34
170
261
219
499
443
466
158
194
356
172
500
150
123
471
239
280
182
132
221
442
390
324
254
22
195
36
97
175
111
383
313
79
81
395
497
331
205
130
399
441
155
194
173
396
51
480
295
90
41
444
42
499
65
272
210
225
26
415
59
480
363
438
209
171
222
92
217
350
337
67
427
343
222
134
29
430
12
333
159
64
414
388
250
15
427
302
331
291
265
2
23
287
237
214
396
459
485
194
138
330
471
176
331
156
92
156
53
342
321
62
397
370
45
20
211
232
326
365
122
310
125
155
40
327
398
194
272
145
409
379
243
431
283
341
44
64
440
281
479
221
185
33
31
152
217
473
274
192
416
216
43
165
402
423
317
84
333
15
251
52
29
231
192
81
171
191
431
185
374
500
48
367
32
306
438
275
232
259
308
258
251
286
216
47
41
381
171
440
187
452
91
347
177
240
450
458
442
497
175
60
396
459
420
57
499
15
479
83
137
345
35
464
63
403
325
442
128
31
180
119
47
59
165
499
53
476
355
388
211
155
142
136
155
412
170
412
22
457
26
332
397
253
357
291
422
130
28
121
349
140
43
3
112
1
179
196
112
89
275
457
30
231
372
272
491
102
410
61
223
255
321
44
44
226
33
2
337
469
457
288
254
201
497
49
268
310
121
154
192
32
246
161
286
99
479
489
486
449
232
389
294
11
246
218
128
27
159
341
149
327
391
68
54
89
23
459
112
438
307
44
294
464
207
263
58
259
281
131
353
343
376
49
371
320
262
46
169
132
141
483
431
370
4
184
78
202
473
311
463
86
461
399
424
36
143
125
322
457
126
397
96
124
148
240
343
375
154
298
193
384
416
285
98
102
456
333
182
169
298
140
26
475
277
360
154
291
9
104
481
112
258
372
32
478
447
120
493
163
121
320
158
37
88
365
177
236
421
299
263
306
295
110
50
9
202
388
477
223
299
381
5
146
164
426
421
325
251
204
291
481
294
230
491
376
346
373
404
393
34
311
230
15
244
17
419
369
170
305
405
266
187
347
273
485
238
111
332
322
354
467
428
488
25
107
450
53
291
275
89
110
170
213
77
383
20
186
105
491
435
265
283
335
118
104
178
128
404
490
30
438
252
231
437
298
378
63
371
332
277
274
84
466
323
453
409
277
475
416
404
432
330
142
349
12
45
314
3
198
138
91
132
429
235
71
298
234
80
174
439
414
494
272
17
451
112
104
307
9
57
224
488
118
161
291
416
137
16
364
190
282
496
359
241
475
455
266
125
415
376
45
140
137
67
290
49
278
211
390
424
334
9
270
471
56
264
153
151
328
49
406
149
238
361
198
219
365
355
250
381
377
470
347
119
96
191
259
204
68
155
171
407
426
155
332
64
439
175
79
217
46
13
190
8
347
128
446
268
395
344
481
412
362
312
315
172
193
414
474
180
60
291
493
170
157
90
405
78
120
316
367
392
449
201
244
258
252
35
409
45
460
146
460
434
118
393
225
344
26
58
246
376
104
321
213
353
498
183
340
166
269
83
181
19
121
124
70
381
328
125
309
76
267
121
463
291
302
265
34
345
37
206
74
121
49
429
271
371
259
197
80
106
86
116
434
164
367
95
402
201
324
484
17
10
285
115
346
56
316
429
395
80
20
474
140
365
82
18
136
77
483
179
395
78
30
250
475
38
42
74
115
185
296
86
92
12
300
418
286
405
150
225
316
231
333
370
85
114
46
171
456
492
206
1
6
281
332
187
22
299
162
159
303
329
162
268
48
463
241
493
155
158
101
403
87
16
351
7
406
30
381
68
175
222
305
469
89
477
303
420
390
182
154
48
119
441
223
76
165
56
299
67
91
218
319
52
391
412
456
142
130
46
329
480
111
76
246
254
357
308
267
215
142
91
455
269
440
368
133
462
125
279
109
363
205
333
435
373
368
461
67
135
171
393
463
209
411
238
49
382
312
360
25
272
306
30
266
399
484
493
132
249
358
214
499
123
19
87
276
480
5
80
157
462
344
188
351
346
162
477
185
199
175
13
268
112
494
278
164
106
178
204
285
373
353
218
162
378
405
333
171
395
198
295
218
129
498
278
346
183
101
325
475
157
404
284
68
145
402
390
186
395
275
356
464
301
144
432
387
263
109
438
126
186
302
228
117
498
244
288
309
84
277
51
459
424
434
331
457
191
81
96
234
49
418
307
18
351
377
153
185
365
301
290
400
379
437
69
163
269
203
300
381
308
2
256
246
364
219
323
338
321
215
469
388
280
78
42
374
223
115
172
429
291
375
211
43
186
69
258
118
438
299
190
299
445
246
272
366
68
423
61
296
438
353
84
348
341
415
26
259
222
113
198
420
318
394
7
289
114
470
66
260
193
427
116
1
301
331
159
34
324
31
225
73
337
286
216
14
183
150
241
471
189
22
55
397
334
106
264
496
418
285
161
331
126
373
383
228
105
117
52
400
177
329
55
245
48
369
303
289
437
365
229
70
346
152
80
92
302
241
247
175
361
114
468
316
324
342
337
64
255
179
441
64
293
492
221
159
210
449
272
496
132
179
170
450
178
243
200
500
72
83
414
438
347
500
59
139
420
431
360
482
431
444
479
33
439
336
317
448
483
426
492
277
412
50
487
21
32
356
167
1
34
144
46
60
473
60
214
143
58
449
126
261
179
411
266
46
365
458
444
59
258
183
212
363
167
12
97
41
317
402
153
373
13
196
295
101
357
80
373
179
98
301
397
298
330
67
263
29
201
398
3
424
131
85
330
426
64
148
183
140
199
309
221
447
386
490
127
78
408
81
80
110
294
282
4
460
46
314
189
68
392
235
367
122
42
468
93
357
405
82
37
188
162
271
18
230
289
318
15
316
150
343
122
93
150
263
134
238
349
212
19
270
417
168
434
187
67
404
372
56
396
296
35
329
125
287
70
195
411
407
95
267
132
414
340
193
308
47
388
289
36
132
404
253
223
2
461
341
409
121
147
234
271
117
62
388
99
184
436
146
249
293
471
234
132
232
116
11
16
300
463
242
327
138
126
473
146
11
399
202
132
318
78
420
282
7
440
448
188
306
139
185
385
138
280
293
184
451
200
261
343
399
47
365
409
429
349
487
48
446
331
152
292
305
188
141
204
450
349
119
191
186
194
124
34
95
432
479
192
240
492
188
365
221
451
298
163
498
17
90
245
403
232
491
85
477
1
419
24
352
202
87
329
96
144
87
259
117
426
440
106
201
419
500
36
86
107
214
256
21
338
71
271
289
113
174
354
19
476
146
172
475
113
470
437
67
204
271
463
155
320
292
242
124
73
323
50
448
73
495
466
201
21
12
213
30
245
242
254
387
28
383
236
96
217
182
400
495
141
114
460
133
475
218
462
39
151
485
294
84
396
14
239
428
56
430
154
494
231
245
332
254
488
310
363
494
254
151
16
108
438
175
410
159
485
257
428
20
270
68
330
67
46
120
477
17
248
463
253
284
97
272
394
21
418
278
492
317
112
208
194
395
125
412
227
90
363
188
1
215
473
230
3
121
388
114
469
255
367
154
243
43
20
376
439
56
306
202
244
493
21
287
151
392
200
96
258
390
488
395
465
214
419
345
318
23
303
52
52
26
136
30
45
120
44
339
23
322
152
319
429
252
3
97
242
472
336
19
385
394
30
252
78
91
445
497
352
310
479
159
273
51
415
459
187
21
363
496
69
314
37
